Printing the (flippable) basis states for (Lx,Ly)=(4,2) lattice.
basis 0 1 0 1 1 0 1 0 0 1 0 0 1 1 0 1 0 
basis 1 1 0 1 1 0 1 0 0 1 0 0 1 1 0 1 0
basis 2 1 0 1 1 0 1 0 0 1 0 0 1 1 0 1 0 
basis 3 1 0 1 1 0 1 0 0 1 0 0 1 1 0 1 0 
basis 4 1 0 1 1 0 1 0 1 1 0 0 1 1 0 1 1 
basis 5 1 0 1 1 0 1 0 1 1 0 0 1 1 0 1 1 
basis 6 1 0 1 1 0 1 0 1 1 0 0 1 1 0 1 1 
basis 7 1 0 1 1 0 1 0 1 1 0 0 1 1 0 1 1 
basis 8 1 0 1 1 1 0 0 1 1 0 0 1 0 0 1 0 
basis 9 1 0 1 1 1 0 0 1 1 0 0 1 0 0 1 0 
basis 10 1 0 1 1 1 0 0 1 1 0 0 1 0 0 1 0 
basis 11 1 0 1 1 1 0 0 1 1 0 0 1 0 0 1 0 
basis 12 1 0 1 1 1 1 0 1 1 0 0 1 0 1 1 0 
basis 13 1 0 1 1 1 1 0 1 1 0 0 1 0 1 1 0 
basis 14 1 0 1 1 1 1 0 1 1 0 0 1 0 1 1 0 
basis 15 1 0 1 1 1 1 0 1 1 0 0 1 0 1 1 0 
basis 16 1 1 1 0 0 1 0 0 1 1 0 0 1 0 1 0 
basis 17 1 1 1 0 0 1 0 0 1 1 0 0 1 0 1 0 
basis 18 1 1 1 0 0 1 0 0 1 1 0 0 1 0 1 0 
basis 19 1 1 1 0 0 1 0 0 1 1 0 0 1 0 1 0 
basis 20 1 1 1 0 0 1 0 1 1 1 0 0 1 0 1 1 
basis 21 1 1 1 0 0 1 0 1 1 1 0 0 1 0 1 1 
basis 22 1 1 1 0 0 1 0 1 1 1 0 0 1 0 1 1 
basis 23 1 1 1 0 0 1 0 1 1 1 0 0 1 0 1 1 
basis 24 1 1 1 0 1 0 0 1 1 1 0 0 0 0 1 0 
basis 25 1 1 1 0 1 0 0 1 1 1 0 0 0 0 1 0 
basis 26 1 1 1 0 1 0 0 1 1 1 0 0 0 0 1 0 
basis 27 1 1 1 0 1 0 0 1 1 1 0 0 0 0 1 0 
basis 28 1 1 1 0 1 1 0 1 1 1 0 0 0 1 1 0 
basis 29 1 1 1 0 1 1 0 1 1 1 0 0 0 1 1 0 
basis 30 1 1 1 0 1 1 0 1 1 1 0 0 0 1 1 0 
basis 31 1 1 1 0 1 1 0 1 1 1 0 0 0 1 1 0 
